968165693823864832
958213693971419136
367671495
1096646704663748608
1005059446748266496
1093084753148792832
1267669724
3259408752
1095618592551235588
1113102993136615424
1038842032813293568
816138592020025344
2962066429
879248516140462080
3271831387
1084754554313269248
1093441557192032256
132971806
1721688926
1078133972985475073
282437815
909468585759617024
1482185029
1018410112795529217
1044137961955024896
984293152122068993
2283395348
175000797
2195013154
817340591046414336
362436253
108957915
1095582275142447106
428907946
943589725
2393279264
114102413
1006063676321722370
486655547
171484877
738683931520798720
4308864618
47633833
2520185246
1095276329149317120
94761188
715178497413627904
90573501
887197992897306624
4470520341
3110804658
906472742630735873
70164651
775396844973223936
1084792739663732736
999688470456127491
1476317347
15295375
1065229702267396096
1095620746301169665
2948303329
825907068280434688
1095256719456960513
355954520
923443131386695680
924879060051693568
901300936022163456
386606013
905312497749565440
471911020
1093483639264940033
1107183903100461056
936803817923809281
635466990
991925688625082368
50063139
948221244473614336
196173029
798466196836216832
81334244
1110863250130792449
170964282
1853038201
1096928777026715648
1102851898917318656
377378803
754025963244007424
1046364810076520448
706709948290322432
999545119756845057
2792080667
794200605367660544
1110426191435948032
1100376235392217094
1093065311513767936
957635187176701952
1103262462374105088
4667627875
1090072735928115204
992334979169431552
1063665987117998080
1096628103575552000
1113695853632528384
2804126762
80304808
887675246970417152
787152368408420352
3256464043
64424459
4193325029
738262905825689600
1109092353086615552
1094140356030091265
2473925244
1718110158
1006834005897957377
1048651088457605121
144150511
148349049
821983197009444865
134049292
1096326009857568768
895683656039018496
1080339796512276480
764052293901619201
3272132359
779913055
798516326226534402
812622236
2374132231
930074436786622465
990813978350772224
273350728
3250804122
2698391816
101887933
866986207648940033
1084153609934102528
989466137103687680
3783352518
1067988166303334405
1010362846868267008
96588025
116652742
935084363321974784
836841806847434752
1036926906682277889
1349453292
1977957134
209529816
1015855386266660864
2410402476
1107222354218803200
957487220172103680
1101691589955530753
2847327174
93210667
1102771055951659008
509748224
1077058384149573632
1102054503312846849
140749666
1111910951639408640
2318232295
909951312606851072
2943185990
2270336774
1087892546007621632
118808428
229846334
1110436288610463744
282197081
571236526
441723104
2928923431
794880240686428161
1093036884593242113
167737741
1703848657
1093463046805250048
327825096
1012977248234860544
997790125668028416
828183972609810432
758646488
958924926500696066
93806725
409520333
2875400353
1027093151448793089
1096609278977236993
960893827707031553
1095244118941302784
251664682
985133305560424448
2717489179
3146708650
1051864719798071296
226522467
4901666592
19827010
1100759914870259712
161961669
1026500048694243328
1023519166181986304
907555898372976640
2581603951
1093031758772166656
902130689792925696
1093008793162592256
797127399833907200
177144468
1021450896557740032
3229862382
1096447281149235200
60281654
986773044675956736
1080349547463872512
242286797
1110852161942937600
822539916785684484
2527068588
819848092715515904
1054774448358858757
1029963400028205056
100250032
3021179515
815303159333654529
712583305518972928
1101133749461217281
879687335629135872
1044817040278781954
808953014388027392
1001867822140551168
1095255156650733568
1107936658463162368
141584822
788848070
3656628920
2430789774
433539000
113740040
1404861882
1042472313550073856
261568203
886571186506801156
1095575998022578176
853779787185180673
3288506972
835349381318594560
3178430485
1027247838403543041
926446265952382977
998412011875651584
932173063784943617
1103714234616037376
1101070908872024064
1106833504396939264
3304951854
1108004523723755520
2189892361
134062172
358871821
278497212
1095364930507808768
929587346911068160
225744555
1077806600960782336
926722097707081730
1102864134863872002
1108330148070215681
1111237357020176384
1030852417
427224282
577272429
993214651151273984
805821491854053376
285382300
278504856
1104105875575255040
2504274571
438156528
1065834606379720704
760839019290693633
1111198627639091200
927453051056771072
2210895456
1095537744313380864
118395320
1101441411004682247
3322633315
764742510287720448
1108680023567798272
988462728
1890280554
764757812069138432
901126141406203905
1097083304082165760
750995797534203904
118010867
2925953688
4723376713
1101710774630785024
1044238563217305600
898796637425762304
900679528028135425
1047383527795437568
4858043834
747372851892625408
4075305854
748472807550558208
127767850
3089706313
3019373756
839862496068501504
1114076500054007808
1111243729073913856
1101444754821312512
1065125317113602048
945921909186629632
954947591304724480
1033693101544550400
3690561734
1096701636896948224
1109804857043513349
851475554045804546
861536513934336000
119432224
1093028324224294912
1108285058190721024
1077807291989217280
2596217083
937947201694601217
1106035275610783745
4717454714
2526727200
715424873993011200
361728382
1903938608
1102854050284859392
2491033418
977083163343114240
1074541017620205568
976498048091136000
1105824632534388737
1540054266
3285527239
2953126714
869404535340449792
730359551799758848
3081749033
1106856667059236865
1095601529703129089
705279044233723904
802867208334479360
113920753
1089075401366720512
1108656818153127936
923490144400826369
1073609938629509120
4754803042
916584442277199872
851023890725957632
1106801855626121216
123785508
1112683866051895296
802963543
836999639962435599
957144795276894208
60887234
1093389140916195328
1114373169941368832
943471844602056704
1048258975
710708305341992960
1080353509005017088
3672279145
1107556923182702592
1108944474216894464
1077837743395360769
1095513178274840577
56972615
3308650724
103808019
306902765
198115547
512224388
224599855
1095586531488591872
1097413525889200128
18186688
91078689
1077794553770459136
4363242383
717010816386465792
1101436835505434625
1114400642162810880
1102801559988056066
832807941958873088
307306002
107942477
1076142502380429312
239357118
774517790715748353
1101712572024270850
1093125473930891266
1077806711174557697
1103566785062846465
967723235809873920
3022279009
1102789063503826945
3584227632
1111136804504166400
809634346789437440
1098099889722974208
1101443587278016514
3244912908
838767616516845569
1427319390
1107573882905456640
1897514666
2854003320
1093005388608229379
781798728839499776
946087308
1095573053868658688
870708816542814211
1113657263581851648
1108948728893718529
1108951616424558592
1354003855
359882500
4736611344
906188623430737920
1107134812626681857
40625722
1107648153153470464
2925087768
1859984712
887675969422598144
769115764511088640
869507818121908224
1074610541706932224
561825717
1096618809077755904
1002897380558168066
1093029751998959616
77052417
868671010253438976
3908666302
322170475
1101710759686520832
1077808550238404609
1031850839231672320
1095917693423636482
4925004804
2908061028
275972038
235904542
724274828279091200
253965424
998513313381105664
1096630694774591489
2360528112
1033012042712670208
1101441635903332352
154257983
2234214510
2210417479
1093123548430790657
2466009668
1096618389630476291
341638266
800681273337335809
1096067573832024064
397126039
1111240306232422401
1065511206763589633
1109664882759098368
1009023462348767234
825288281348853760
3976955599
1095224621555765248
138710065
771025503843213313
1549940832
938122887923412999
1023527321725100032
939924270003634176
907555018496077824
951177907082182656
1093037775882878976
781402891898748928
710143975449960449
1543213591
2719570674
1100299254499823616
784661956976373760
1008919049299025921
1090551181825302528
2937939266
1076690488818716672
136897943
1096974047118835713
1543425434
840918228
1106788443244253184
1107159454284464128
1003313519217930240
1107200732854272000
2981566172
632228784
1011361899483684864
1003278822538543104
1113456289755975681
365520604
964114248442920960
1482776257
723890456
1088496904172916737
172407508
1080453442659848192
1099993780357197825
1095993101867307008
972040149239349248
1092780040020844551
1110856788813860867
926696019772899330
1107554506663821312
1106767274264821760
784768656827936768
39551720
175380346
1101055764133629953
1093033117747535872
1106416639862439936
1106830752614744064
2840875358
1093026162069069824
919453033
278482830
1106760382759092224
1093017000975028226
1093056072800030720
1103558336270614529
1096779409674174464
702771813529624576
1410218766
3133990387
1114096029320634368
1107545846919290880
1099523590171504640
1396426093
897324157695741952
901096732024373250
2397486608
1354660062
1053850047190720512
1093060949647360000
1104721053085913089
917219761552973825
140362670
886194936994906112
157229361
1093090413857120256
947076098
994086092126158849
1102563903622578177
3230512663
161632686
171880832
899178001606168576
4648690826
1019901164056440832
758237498296369152
261213549
775627255934361600
2350413936
1107875543611928577
1106816438772219906
436516196
1927481995
1052887817053859840
1590740293
3261287641
2456532115
935363389597077505
1003927487443636224
1093096144375242752
75746259
2647046550
1088746573004062720
1114398041425891328
1110794115589890048
1093071482031243265
869789786088886272
1106821493223124992
1093023370487054336
1094973373795295232
2336738822
1077930678799474688
978003958391242752
3258317005
1108669108470587392
2386933790
1093050110840168450
1114389342808563712
769294123
1106812627903119362
1045518177831071744
1106815142606471168
843768502410510336
470189639
1093052642551463936
3192833808
1101736863767953409
938844672490848256
920652658926526464
833733860026437632
746608039831048196
165482079
2380673340
708544395566403584
1021585071403360258
1105365518918316033
945307334141657089
175991928
1113819035353772035
101692918
505497293
1309280468
1093169743782043654
2386463396
87954400
1095607860656975872
2835064274
1056368632211488768
90580257
1093105326734200832
1093412648299810821
1093126092443926528
577778715
875032496672350208
1092428620281204736
1111866849107628032
104521047
753965064231673856
291630681
252240483
3679857314
1103630313723449344
1105096717270167552
356130208
1732177081
940661640009342976
1113688101690531841
162125375
71980825
4802797746
1096068936972460037
2925197220
1069894616982335488
1041905024132149248
878133204091256833
801713713526882304
1093408433791881216
1051731820255924224
1097753649923579904
1093041256186429440
1093042060402266113
924880224763789312
1026388254
1093094025928663042
770300796810461184
132819593
1104698613329027072
2164575084
1114396487222419456
398661490
242639576
849395017
1093152913134804992
752525083189665792
59664575
1632655266
168584284
21002587
1108968228720508928
346406417
940878268462452737
982195425816920067
181077958
499077644
857910323487154177
1096059785743605761
893395122842292224
147072520
1058352191289745409
1096613457791602689
1141637624
1583035398
1409971956
1093354575078219777
138649974
1098572882119143426
954983600721510401
1093115492598898688
940453646830989312
4816889112
139317122
965649581139574784
51367114
3392674573
1073557384667250688
2530295192
836213154069688323
833945171041591296
3658926618
727580305108938752
1113354902317584384
105095307
936521030754906112
45570440
746071030943223810
